POINTS
-2.52 1.56
-1.58 1.62
-0.78 1.68
-1.98 0.58
-2.28 -0.1
-4.38 -0.0
-3.18 0.7
-3.14 -0.02
-4.54 0.54
-0.02 1.82
0.66 0.92
0.22 1.38
1.14 0.3
1.28 1.16
1.88 1.54
1.7 -0.68
0.98 -0.8
3.38 -2.42
-3.66 -1.76
BARS
5 18
8 18
5 8
17 15
16 15
16 17
10 11
9 2
1 4
2 3
6 8
5 7
4 7
0 6
0 7
6 7
4 5
13 16
12 13
12 16
10 12
14 15
3 1
4 3
JOINTS
0 1
0 2
0 11
0 16
1 2
1 10
2 10
2 11
2 16
3 4
3 5
3 21
4 5
4 17
4 19
4 21
5 17
5 19
6 20
7 9
8 12
8 16
8 22
8 23
9 22
9 23
10 13
10 15
11 12
11 14
11 15
11 16
12 14
12 15
12 16
12 23
13 14
13 15
14 15
16 23
17 18
17 19
18 19
18 20
19 20
22 23
FIXED
6 0
7 0
21 -0.5
17 -0.5
8 -0.5
13 -0.5
GEARS
6 7 2